Z (Obj) =       [548163.0342857145 575797.0542857145 603431.0742857144 631065.0942857144 658699.1142857145 686333.1342857145 713967.1542857145 741601.1742857145 769235.1942857145 796869.2142857146]


B[1] (B5) =     [0.0 0.0 0.0 0.0 0.0 0.0 0.0 0.0 0.0 0.0]
B[2] (B30) =    [214285.7142857143 214285.7142857143 214285.7142857143 214285.7142857143 214285.7142857143 214285.7142857143 214285.7142857143 214285.7142857143 214285.7142857143 214285.7142857143]
B[3] (B100) =   [552803.7857142859 586232.0357142859 619660.2857142859 653088.5357142859 686516.7857142859 719945.0357142859 753373.2857142859 786801.5357142859 820229.7857142859 853658.0357142859]


Methanol =      [137131.00000000003 144559.50000000003 151988.00000000003 159416.50000000003 166845.00000000003 174273.50000000003 181702.00000000003 189130.50000000003 196559.00000000003 203987.50000000003]
Petrol disel =  [150000.0 150000.0 150000.0 150000.0 150000.0 150000.0 150000.0 150000.0 150000.0 150000.0]
Biodisel =      [617089.5000000002 650517.7500000002 683946.0000000002 717374.2500000002 750802.5000000002 784230.7500000002 817659.0000000002 851087.2500000002 884515.5000000002 917943.7500000002]
VegOil =        [685655.0 722797.5 759940.0 797082.5 834225.0 871367.5 908510.0 945652.5 982795.0 1.0199375e6]
Water in use =  [5000.0 5000.0 5000.0 5000.0 5000.0 5000.0 5000.0 5000.0 5000.0 5000.0]
Area in use =   [1600.0 1700.0 1800.0 1900.0 2000.0 2100.0 2200.0 2300.0 2400.0 2500.0]


X[1] (Soybeans) =       [850.0 825.0 800.0 775.0 750.0 725.0 700.0 675.0 650.0 625.0]
X[2] (Sunflower seeds) = [0.0 0.0 0.0 0.0 0.0 0.0 0.0 0.0 0.0 0.0]
X[3] (Cotton seeds) =   [750.0 875.0 1000.0 1125.0 1250.0 1375.0 1500.0 1625.0 1750.0 1875.0]